1000 2000 2000 3000 2000 3000 4000 5000 4000 5000 3000 1000 1000 2000 5000 2000 2000 4000 3000 4000 5000 3000 2000 4000 5000 3000 1000 2000 1000 1000 5000 3000 3000 2000 5000 1000 1000 5000 5000 4000 1000 3000 5000 3000 2000 1000 3000 3000 1000 2000 4000 
3000 2000 3000 5000 2000 3000 1000 1000 2000 3000 3000 5000 1000 5000 1000 5000 1000 2000 4000 3000 4000 2000 3000 5000 3000 5000 5000 1000 5000 5000 3000 2000 5000 2000 4000 1000 1000 3000 1000 2000 1000 5000 2000 3000 5000 1000 5000 5000 5000 1000 3000 
1000 5000 2000 5000 2000 4000 2000 4000 3000 5000 3000 4000 2000 5000 1000 4000 5000 5000 2000 1000 2000 1000 3000 4000 1000 3000 3000 4000 2000 5000 4000 4000 2000 1000 4000 1000 4000 4000 1000 3000 4000 4000 5000 5000 4000 4000 5000 3000 2000 4000 2000 
1000 3000 3000 5000 1000 5000 1000 1000 2000 1000 5000 1000 4000 5000 3000 3000 2000 5000 5000 2000 3000 3000 4000 4000 3000 2000 1000 2000 3000 2000 5000 1000 3000 2000 1000 4000 1000 1000 3000 1000 1000 1000 5000 5000 5000 5000 4000 4000 4000 2000 3000 
5000 1000 3000 2000 1000 2000 5000 3000 1000 4000 2000 1000 2000 5000 4000 4000 3000 4000 4000 1000 1000 1000 2000 5000 4000 5000 1000 1000 3000 4000 4000 2000 1000 5000 4000 3000 4000 4000 5000 5000 4000 1000 5000 3000 4000 3000 4000 5000 3000 3000 3000 
1000 1000 4000 5000 5000 4000 4000 4000 5000 2000 4000 4000 4000 5000 1000 5000 3000 1000 1000 4000 5000 5000 5000 2000 3000 2000 5000 3000 4000 2000 5000 2000 1000 4000 2000 2000 4000 2000 1000 4000 5000 2000 5000 2000 3000 3000 4000 3000 4000 2000 1000 
1000 5000 5000 5000 4000 4000 3000 2000 1000 1000 3000 1000 3000 2000 4000 5000 1000 2000 3000 4000 1000 1000 5000 5000 1000 2000 5000 3000 3000 5000 2000 1000 5000 4000 4000 1000 3000 3000 2000 1000 1000 4000 4000 4000 4000 1000 3000 2000 1000 5000 3000 
1000 5000 4000 1000 3000 4000 1000 5000 3000 1000 3000 5000 2000 5000 4000 1000 2000 2000 4000 2000 3000 2000 5000 2000 5000 5000 1000 3000 1000 1000 3000 5000 3000 2000 3000 4000 5000 1000 4000 3000 5000 4000 1000 2000 3000 4000 5000 4000 4000 5000 3000 
3000 1000 4000 5000 4000 1000 4000 4000 3000 4000 5000 3000 4000 1000 3000 3000 3000 4000 3000 1000 5000 3000 4000 4000 4000 5000 2000 1000 4000 3000 3000 2000 3000 4000 4000 2000 2000 1000 3000 1000 3000 2000 4000 1000 5000 2000 1000 5000 5000 5000 5000 
4000 1000 1000 4000 5000 5000 4000 3000 2000 5000 3000 5000 3000 1000 3000 2000 5000 2000 3000 2000 3000 2000 5000 1000 1000 3000 3000 5000 1000 5000 1000 1000 2000 5000 2000 3000 5000 1000 5000 1000 1000 3000 1000 5000 3000 5000 5000 5000 4000 3000 5000 
5000 5000 3000 5000 4000 4000 5000 1000 5000 1000 2000 5000 2000 3000 5000 4000 5000 3000 4000 4000 5000 5000 5000 5000 4000 4000 5000 3000 4000 4000 2000 3000 5000 5000 2000 1000 5000 3000 4000 1000 1000 2000 4000 5000 5000 2000 2000 1000 4000 4000 3000 
5000 3000 4000 4000 1000 3000 3000 4000 1000 2000 5000 3000 2000 3000 3000 2000 5000 5000 2000 1000 4000 4000 3000 1000 3000 5000 3000 3000 3000 2000 3000 5000 2000 3000 1000 1000 5000 3000 5000 1000 4000 4000 5000 5000 1000 4000 5000 4000 5000 4000 1000 
3000 4000 1000 4000 4000 1000 3000 5000 4000 4000 5000 4000 5000 2000 3000 3000 5000 5000 3000 2000 4000 1000 3000 4000 4000 2000 5000 1000 2000 4000 5000 2000 5000 4000 4000 3000 4000 3000 3000 2000 5000 1000 4000 1000 4000 1000 2000 5000 2000 4000 2000 
4000 4000 1000 5000 3000 2000 5000 3000 2000 4000 3000 3000 2000 5000 4000 2000 2000 2000 1000 5000 5000 5000 2000 2000 5000 3000 2000 5000 2000 5000 5000 2000 3000 1000 1000 2000 3000 1000 5000 4000 4000 3000 5000 1000 1000 4000 5000 5000 5000 2000 5000 
4000 2000 5000 1000 1000 2000 1000 5000 1000 2000 5000 3000 4000 3000 4000 2000 1000 2000 1000 4000 4000 4000 4000 4000 4000 5000 1000 2000 4000 2000 5000 5000 1000 1000 4000 3000 4000 2000 2000 5000 2000 1000 4000 3000 3000 3000 3000 4000 3000 3000 2000 
3000 2000 2000 1000 5000 4000 3000 3000 1000 1000 4000 1000 1000 3000 5000 5000 5000 5000 3000 4000 2000 4000 3000 4000 3000 3000 4000 5000 3000 4000 3000 1000 3000 5000 3000 1000 4000 5000 4000 2000 3000 5000 5000 4000 5000 2000 1000 4000 2000 5000 4000 
4000 1000 2000 3000 2000 3000 4000 5000 4000 3000 3000 3000 3000 4000 1000 3000 4000 3000 2000 1000 3000 1000 5000 3000 2000 5000 1000 4000 3000 3000 5000 4000 3000 1000 2000 1000 4000 2000 4000 1000 1000 4000 5000 2000 3000 3000 5000 1000 5000 4000 1000 
5000 4000 3000 2000 4000 5000 4000 3000 5000 2000 5000 2000 5000 2000 2000 2000 2000 2000 4000 1000 4000 1000 3000 5000 1000 1000 1000 5000 2000 4000 2000 5000 2000 3000 1000 3000 2000 2000 3000 5000 1000 1000 3000 2000 1000 3000 4000 1000 3000 2000 4000 
5000 4000 1000 4000 5000 4000 1000 2000 4000 3000 1000 5000 3000 1000 2000 3000 2000 4000 1000 4000 1000 3000 1000 1000 5000 1000 5000 2000 3000 4000 1000 2000 4000 4000 5000 4000 4000 5000 2000 5000 3000 1000 1000 1000 1000 5000 2000 1000 1000 1000 5000 
5000 2000 2000 1000 4000 3000 1000 3000 3000 1000 2000 2000 5000 3000 1000 1000 5000 1000 4000 4000 3000 4000 4000 4000 1000 4000 4000 2000 2000 1000 4000 4000 3000 2000 4000 3000 2000 1000 5000 5000 1000 1000 1000 2000 3000 2000 4000 2000 2000 2000 2000 
2000 4000 5000 1000 2000 1000 5000 5000 4000 2000 4000 5000 3000 1000 4000 4000 4000 5000 2000 2000 1000 2000 1000 3000 2000 5000 5000 3000 4000 3000 4000 4000 5000 3000 1000 3000 3000 1000 5000 2000 2000 1000 1000 1000 4000 5000 5000 1000 5000 4000 2000 
1000 1000 1000 4000 1000 1000 4000 1000 3000 1000 5000 1000 5000 1000 1000 1000 3000 3000 2000 5000 1000 5000 2000 2000 1000 1000 2000 5000 1000 1000 5000 3000 1000 4000 1000 2000 4000 1000 5000 1000 3000 5000 5000 5000 1000 3000 5000 5000 2000 2000 1000 
1000 4000 2000 4000 3000 3000 1000 4000 2000 1000 5000 5000 5000 5000 5000 4000 1000 1000 1000 5000 2000 3000 1000 2000 1000 3000 3000 1000 5000 3000 2000 5000 3000 3000 2000 2000 1000 4000 5000 5000 2000 1000 1000 4000 4000 1000 5000 3000 3000 5000 2000 
3000 4000 2000 2000 3000 1000 5000 3000 3000 4000 4000 2000 1000 3000 5000 1000 2000 2000 2000 5000 4000 1000 5000 4000 4000 2000 4000 2000 2000 4000 5000 3000 1000 5000 5000 4000 1000 1000 1000 5000 1000 2000 4000 2000 1000 1000 2000 5000 5000 4000 1000 
4000 1000 4000 1000 1000 4000 4000 2000 2000 5000 5000 5000 3000 1000 1000 1000 3000 1000 3000 2000 2000 5000 4000 4000 4000 2000 1000 5000 1000 4000 1000 2000 5000 4000 1000 1000 3000 3000 3000 2000 4000 2000 4000 4000 2000 2000 5000 2000 5000 5000 3000 
5000 5000 4000 3000 1000 1000 2000 2000 2000 1000 5000 2000 4000 4000 4000 3000 1000 3000 3000 1000 5000 1000 3000 1000 2000 2000 4000 1000 2000 2000 2000 1000 4000 1000 3000 1000 4000 5000 4000 2000 5000 3000 2000 2000 3000 4000 5000 4000 2000 1000 1000 
3000 1000 5000 3000 1000 3000 2000 2000 3000 3000 5000 5000 1000 4000 4000 4000 1000 2000 3000 5000 1000 2000 4000 2000 900 900 900 900 4000 1000 4000 1000 3000 2000 2000 1000 2000 4000 3000 5000 2000 4000 3000 5000 5000 3000 2000 4000 2000 2000 3000 
3000 2000 3000 2000 5000 5000 1000 5000 2000 3000 1000 4000 1000 1000 1000 4000 4000 2000 2000 3000 3000 5000 2000 900 900 900 900 900 2000 1000 3000 3000 5000 5000 3000 1000 3000 5000 2000 4000 2000 3000 2000 3000 5000 4000 5000 1000 3000 1000 3000 
5000 5000 3000 4000 5000 3000 4000 1000 4000 4000 1000 3000 2000 4000 2000 3000 2000 1000 5000 4000 4000 4000 5000 900 900 900 900 900 900 3000 4000 1000 3000 5000 2000 2000 5000 4000 5000 1000 5000 1000 4000 5000 5000 1000 5000 3000 1000 3000 1000 
3000 5000 1000 2000 4000 3000 1000 3000 2000 2000 5000 4000 1000 5000 5000 4000 5000 4000 1000 5000 2000 2000 5000 5000 900 900 900 900 900 900 1000 2000 2000 5000 4000 2000 5000 1000 5000 4000 1000 4000 1000 5000 5000 3000 2000 3000 1000 2000 1000 
5000 5000 1000 1000 2000 5000 1000 1000 2000 3000 5000 5000 5000 5000 1000 3000 5000 4000 5000 1000 5000 2000 4000 1000 4000 900 900 900 900 900 1000 5000 2000 4000 5000 4000 1000 5000 1000 2000 1000 4000 5000 4000 4000 4000 3000 1000 2000 2000 2000 
1000 3000 5000 4000 1000 2000 2000 5000 2000 1000 4000 5000 4000 1000 3000 2000 2000 3000 5000 3000 3000 2000 5000 2000 5000 900 900 900 900 900 4000 1000 5000 4000 2000 3000 2000 5000 2000 3000 4000 2000 4000 4000 1000 2000 4000 3000 5000 2000 3000 
1000 5000 5000 4000 1000 1000 5000 4000 2000 5000 1000 5000 1000 3000 3000 1000 4000 3000 3000 2000 1000 1000 1000 1000 1000 900 900 900 900 900 5000 5000 1000 5000 5000 5000 1000 3000 4000 5000 2000 2000 5000 2000 2000 3000 1000 1000 5000 3000 2000 
3000 2000 3000 2000 4000 4000 4000 5000 1000 5000 5000 1000 4000 5000 1000 4000 5000 3000 3000 3000 4000 1000 5000 1000 3000 900 900 900 900 900 3000 2000 4000 5000 5000 2000 4000 4000 5000 1000 2000 5000 5000 1000 3000 2000 2000 4000 2000 5000 4000 
3000 5000 4000 5000 4000 1000 2000 1000 1000 1000 5000 1000 4000 1000 5000 2000 3000 1000 5000 2000 5000 2000 2000 2000 900 900 900 900 900 3000 1000 5000 3000 2000 2000 3000 1000 4000 1000 5000 2000 4000 5000 5000 2000 4000 3000 5000 2000 2000 4000 
3000 1000 2000 2000 5000 2000 1000 5000 3000 4000 2000 2000 3000 2000 1000 5000 1000 5000 4000 1000 4000 3000 5000 2000 4000 900 900 900 900 1000 3000 1000 4000 3000 5000 3000 4000 2000 2000 4000 2000 1000 5000 3000 2000 5000 4000 4000 2000 2000 2000 
4000 2000 3000 1000 2000 1000 4000 5000 5000 5000 2000 4000 4000 4000 5000 4000 1000 1000 1000 1000 5000 5000 1000 5000 3000 900 900 900 1000 2000 1000 4000 3000 1000 1000 2000 4000 3000 5000 5000 3000 4000 4000 1000 5000 4000 4000 4000 3000 1000 4000 
2000 5000 3000 3000 4000 1000 5000 2000 2000 1000 1000 5000 4000 5000 4000 3000 2000 4000 3000 4000 3000 5000 5000 4000 3000 5000 900 2000 3000 2000 3000 4000 4000 1000 3000 5000 4000 3000 3000 2000 1000 5000 1000 2000 4000 5000 1000 4000 1000 3000 1000 
3000 1000 2000 3000 4000 3000 3000 4000 2000 4000 1000 2000 3000 3000 4000 2000 1000 3000 4000 2000 2000 5000 5000 5000 2000 2000 900 4000 5000 3000 5000 5000 4000 4000 4000 2000 2000 1000 4000 1000 2000 5000 1000 3000 2000 1000 3000 5000 4000 1000 3000 
3000 3000 5000 1000 2000 4000 2000 1000 4000 3000 5000 1000 5000 4000 4000 3000 3000 4000 4000 4000 5000 1000 4000 1000 2000 3000 3000 3000 3000 2000 2000 4000 4000 5000 5000 4000 2000 5000 5000 3000 1000 3000 2000 3000 5000 5000 1000 5000 4000 1000 5000 
2000 2000 2000 2000 5000 1000 1000 4000 4000 1000 5000 1000 4000 4000 3000 1000 1000 1000 2000 5000 3000 1000 3000 3000 5000 1000 3000 3000 5000 4000 2000 4000 5000 2000 3000 3000 2000 1000 4000 3000 2000 1000 2000 2000 2000 2000 2000 2000 1000 3000 5000 
3000 1000 4000 3000 1000 2000 1000 3000 1000 4000 4000 3000 1000 3000 2000 1000 2000 5000 4000 2000 2000 4000 1000 4000 4000 5000 4000 3000 5000 5000 5000 2000 2000 3000 3000 2000 3000 4000 2000 2000 2000 2000 5000 2000 2000 4000 4000 3000 2000 2000 3000 
1000 5000 3000 1000 5000 4000 2000 5000 2000 3000 5000 5000 4000 5000 1000 3000 2000 1000 4000 4000 2000 4000 1000 5000 3000 3000 5000 3000 5000 5000 5000 5000 2000 4000 2000 1000 2000 4000 3000 5000 4000 2000 3000 2000 1000 5000 3000 5000 2000 3000 5000 
3000 4000 1000 1000 1000 3000 3000 1000 2000 3000 2000 2000 2000 4000 3000 3000 5000 5000 4000 3000 5000 5000 1000 2000 5000 1000 1000 2000 3000 1000 3000 1000 3000 2000 4000 3000 1000 4000 4000 2000 5000 3000 5000 3000 2000 4000 4000 2000 2000 1000 3000 
1000 5000 1000 4000 4000 2000 1000 2000 2000 5000 4000 1000 5000 4000 3000 5000 2000 2000 1000 1000 2000 4000 4000 2000 1000 1000 3000 4000 5000 2000 3000 5000 1000 5000 4000 3000 3000 2000 3000 3000 1000 3000 1000 3000 2000 3000 3000 5000 2000 4000 2000 
3000 5000 4000 3000 2000 1000 4000 1000 4000 5000 2000 1000 4000 5000 5000 1000 5000 3000 3000 5000 2000 2000 1000 2000 4000 2000 1000 4000 2000 3000 1000 3000 1000 2000 4000 1000 3000 5000 2000 1000 1000 3000 4000 4000 4000 2000 3000 2000 5000 1000 3000 
1000 3000 2000 1000 3000 5000 4000 5000 5000 3000 5000 3000 3000 5000 1000 4000 4000 2000 5000 5000 1000 3000 3000 3000 4000 1000 2000 2000 4000 5000 1000 5000 2000 3000 2000 4000 2000 5000 2000 3000 1000 1000 3000 5000 5000 3000 3000 5000 4000 5000 1000 
4000 4000 3000 5000 1000 5000 1000 2000 5000 5000 4000 5000 1000 2000 3000 5000 4000 3000 2000 1000 5000 4000 2000 5000 1000 5000 1000 5000 2000 2000 3000 5000 5000 5000 1000 1000 3000 4000 1000 5000 3000 3000 4000 1000 4000 5000 3000 5000 1000 5000 1000 
4000 3000 5000 4000 1000 1000 2000 4000 3000 5000 1000 3000 1000 5000 3000 3000 1000 5000 1000 4000 1000 2000 3000 5000 4000 3000 5000 4000 3000 4000 2000 2000 4000 5000 3000 1000 1000 1000 1000 3000 4000 1000 3000 1000 3000 3000 4000 5000 1000 5000 5000 
4000 1000 2000 1000 2000 1000 4000 1000 2000 2000 5000 1000 3000 1000 3000 2000 1000 2000 4000 2000 4000 4000 5000 2000 4000 5000 5000 1000 1000 1000 1000 2000 1000 1000 1000 2000 3000 1000 4000 2000 2000 1000 5000 3000 2000 3000 4000 3000 1000 1000 5000 
2000 2000 4000 1000 5000 2000 5000 5000 2000 5000 5000 4000 5000 3000 4000 2000 5000 1000 2000 1000 3000 3000 4000 3000 5000 4000 3000 2000 5000 3000 2000 3000 2000 4000 5000 2000 1000 5000 5000 4000 3000 2000 1000 5000 2000 1000 4000 3000 4000 3000 4000 
