== At time 0.0 ===
100 100 100 100 100 100 100 100 100 100 100 
100 100 100 100 100 100 100 100 100 100 100 
100 100 100 100 100 100 100 100 100 100 100 
100 100 100 100 100 100 100 100 100 100 100 
100 100 100 100 100 100 100 100 100 100 100 
100 100 100 100 100 100 100 100 100 100 100 
100 100 100 100 100 100 100 100 100 100 100 
100 100 100 100 100 100 100 100 100 100 100 
100 100 100 100 100 125 100 100 100 100 100 
100 100 100 100 100 100 100 100 100 100 100 
100 100 100 100 100 100 100 100 100 100 100 
== At time 1.0 ===
100 100 100 100 100 100 100 100 100 100 100 
100 100 100 100 100 100 100 100 100 100 100 
100 100 100 100 100 100 100 100 100 100 100 
100 100 100 100 100 100 100 100 100 100 100 
100 100 100 100 100 100 100 100 100 100 100 
100 100 100 100 100 100 100 100 100 100 100 
100 100 100 100 100 100 100 100 100 100 100 
100 100 100 100 100 100 100 100 100 100 100 
100 100 100 100 100 999 100 100 100 100 100 
100 100 100 100 100 100 100 100 100 100 100 
100 100 100 100 100 100 100 100 100 100 100 
== At time 2.0 ===
100 100 100 100 100 100 100 100 100 100 100 
100 100 100 100 100 100 100 100 100 100 100 
100 100 100 100 100 100 100 100 100 100 100 
100 100 100 100 100 100 100 100 100 100 100 
100 100 100 100 100 100 100 100 100 100 100 
100 100 100 100 100 100 100 100 100 100 100 
100 100 100 100 100 100 100 100 100 100 100 
100 100 100 100 100 999 100 100 100 100 100 
100 100 100 100 999 333 999 100 100 100 100 
100 100 100 100 100 999 100 100 100 100 100 
100 100 100 100 100 100 100 100 100 100 100 
== At time 3.0 ===
100 100 100 100 100 100 100 100 100 100 100 
100 100 100 100 100 100 100 100 100 100 100 
100 100 100 100 100 100 100 100 100 100 100 
100 100 100 100 100 100 100 100 100 100 100 
100 100 100 100 100 100 100 100 100 100 100 
100 100 100 100 100 100 100 100 100 100 100 
100 100 100 100 100 999 100 100 100 100 100 
100 100 100 100 999 333 999 100 100 100 100 
100 100 100 999 333 333 333 999 100 100 100 
100 100 100 100 999 333 999 100 100 100 100 
100 100 100 100 100 999 100 100 100 100 100 
== At time 4.0 ===
100 100 100 100 100 100 100 100 100 100 100 
100 100 100 100 100 100 100 100 100 100 100 
100 100 100 100 100 100 100 100 100 100 100 
100 100 100 100 100 100 100 100 100 100 100 
100 100 100 100 100 100 100 100 100 100 100 
100 100 100 100 100 999 100 100 100 100 100 
100 100 100 100 999 333 999 100 100 100 100 
100 100 100 999 333 333 333 999 100 100 100 
100 100 999 333 333 333 333 333 999 100 100 
100 100 100 999 333 333 333 999 100 100 100 
100 100 100 100 999 333 999 100 100 100 100 
== At time 5.0 ===
100 100 100 100 100 100 100 100 100 100 100 
100 100 100 100 100 100 100 100 100 100 100 
100 100 100 100 100 100 100 100 100 100 100 
100 100 100 100 100 100 100 100 100 100 100 
100 100 100 100 100 999 100 100 100 100 100 
100 100 100 100 999 333 999 100 100 100 100 
100 100 100 999 333 333 333 999 100 100 100 
100 100 999 333 333 333 333 333 999 100 100 
100 999 333 333 333 333 333 333 333 999 100 
100 100 999 333 333 333 333 333 999 100 100 
100 100 100 999 333 333 333 999 100 100 100 
== At time 6.0 ===
100 100 100 100 100 100 100 100 100 100 100 
100 100 100 100 100 100 100 100 100 100 100 
100 100 100 100 100 100 100 100 100 100 100 
100 100 100 100 100 999 100 100 100 100 100 
100 100 100 100 999 333 999 100 100 100 100 
100 100 100 999 333 333 333 999 100 100 100 
100 100 999 333 333 333 333 333 999 100 100 
100 999 333 333 333 333 333 333 333 999 100 
999 333 333 333 333 333 333 333 333 333 999 
100 999 333 333 333 333 333 333 333 999 100 
100 100 999 333 333 333 333 333 999 100 100 
== At time 7.0 ===
100 100 100 100 100 100 100 100 100 100 100 
100 100 100 100 100 100 100 100 100 100 100 
100 100 100 100 100 999 100 100 100 100 100 
100 100 100 100 999 333 999 100 100 100 100 
100 100 100 999 333 333 333 999 100 100 100 
100 100 999 333 333 333 333 333 999 100 100 
100 999 333 333 333 333 333 333 333 999 100 
999 333 333 333 333 333 333 333 333 333 999 
333 333 333 333 333 333 333 333 333 333 333 
999 333 333 333 333 333 333 333 333 333 999 
100 999 333 333 333 333 333 333 333 999 100 
== At time 8.0 ===
100 100 100 100 100 100 100 100 100 100 100 
100 100 100 100 100 999 100 100 100 100 100 
100 100 100 100 999 333 999 100 100 100 100 
100 100 100 999 333 333 333 999 100 100 100 
100 100 999 333 333 333 333 333 999 100 100 
100 999 333 333 333 333 333 333 333 999 100 
999 333 333 333 333 333 333 333 333 333 999 
333 333 333 333 333 333 333 333 333 333 333 
333 333 333 333 333 333 333 333 333 333 333 
333 333 333 333 333 333 333 333 333 333 333 
999 333 333 333 333 333 333 333 333 333 999 
== At time 9.0 ===
100 100 100 100 100 999 100 100 100 100 100 
100 100 100 100 999 333 999 100 100 100 100 
100 100 100 999 333 333 333 999 100 100 100 
100 100 999 333 333 333 333 333 999 100 100 
100 999 333 333 333 333 333 333 333 999 100 
999 333 333 333 333 333 333 333 333 333 999 
333 333 333 333 333 333 333 333 333 333 333 
333 333 333 333 333 333 333 333 333 333 333 
333 333 333 333 333 333 333 333 333 333 333 
333 333 333 333 333 333 333 333 333 333 333 
333 333 333 333 333 333 333 333 333 333 333 
== At time 10.0 ===
100 100 100 100 999 333 999 100 100 100 100 
100 100 100 999 333 333 333 999 100 100 100 
100 100 999 333 333 333 333 333 999 100 100 
100 999 333 333 333 333 333 333 333 999 100 
999 333 333 333 333 333 333 333 333 333 999 
333 333 333 333 333 333 333 333 333 333 333 
333 333 333 333 333 333 333 333 333 333 333 
333 333 333 333 333 333 333 333 333 333 333 
333 333 333 333 333 333 333 333 333 333 333 
333 333 333 333 333 333 333 333 333 333 333 
333 333 333 333 333 333 333 333 333 333 333 
== At time 11.0 ===
100 100 100 999 333 333 333 999 100 100 100 
100 100 999 333 333 333 333 333 999 100 100 
100 999 333 333 333 333 333 333 333 999 100 
999 333 333 333 333 333 333 333 333 333 999 
333 333 333 333 333 333 333 333 333 333 333 
333 333 333 333 333 333 333 333 333 333 333 
333 333 333 333 333 333 333 333 333 333 333 
333 333 333 333 333 333 333 333 333 333 333 
333 333 333 333 333 333 333 333 333 333 333 
333 333 333 333 333 333 333 333 333 333 333 
333 333 333 333 333 333 333 333 333 333 333 
== At time 12.0 ===
100 100 999 333 333 333 333 333 999 100 100 
100 999 333 333 333 333 333 333 333 999 100 
999 333 333 333 333 333 333 333 333 333 999 
333 333 333 333 333 333 333 333 333 333 333 
333 333 333 333 333 333 333 333 333 333 333 
333 333 333 333 333 333 333 333 333 333 333 
333 333 333 333 333 333 333 333 333 333 333 
333 333 333 333 333 333 333 333 333 333 333 
333 333 333 333 333 333 333 333 333 333 333 
333 333 333 333 333 333 333 333 333 333 333 
333 333 333 333 333 333 333 333 333 333 333 
== At time 13.0 ===
100 999 333 333 333 333 333 333 333 999 100 
999 333 333 333 333 333 333 333 333 333 999 
333 333 333 333 333 333 333 333 333 333 333 
333 333 333 333 333 333 333 333 333 333 333 
333 333 333 333 333 333 333 333 333 333 333 
333 333 333 333 333 333 333 333 333 333 333 
333 333 333 333 333 333 333 333 333 333 333 
333 333 333 333 333 333 333 333 333 333 333 
333 333 333 333 333 333 333 333 333 333 333 
333 333 333 333 333 333 333 333 333 333 333 
333 333 333 333 333 333 333 333 333 333 333 
== At time 14.0 ===
999 333 333 333 333 333 333 333 333 333 999 
333 333 333 333 333 333 333 333 333 333 333 
333 333 333 333 333 333 333 333 333 333 333 
333 333 333 333 333 333 333 333 333 333 333 
333 333 333 333 333 333 333 333 333 333 333 
333 333 333 333 333 333 333 333 333 333 333 
333 333 333 333 333 333 333 333 333 333 333 
333 333 333 333 333 333 333 333 333 333 333 
333 333 333 333 333 333 333 333 333 333 333 
333 333 333 333 333 333 333 333 333 333 333 
333 333 333 333 333 333 333 333 333 333 333 
