100 100 100 100 100 100 100 100 100 100 100 100 100 100 100 100 100 100 100 100 100 100 100 100 100 100 100 100 100 100 100 100 100 100 100 100 100 100 100 100 100 100 100 100 100 100 100 100 100 100 100 
100 100 100 100 100 100 100 100 100 100 100 100 100 100 100 100 100 100 100 100 100 100 100 100 100 900 900 900 100 100 100 100 100 100 100 100 100 100 100 100 100 100 100 100 100 100 100 100 100 100 100 
100 100 100 100 100 100 100 100 100 100 100 100 100 100 100 100 100 100 100 100 100 100 900 900 900 900 300 900 900 900 900 100 100 100 100 100 100 100 100 100 100 100 100 100 100 100 100 100 100 100 100 
100 100 100 100 100 100 100 100 100 100 100 100 100 100 100 100 100 100 100 100 100 900 900 900 300 900 300 900 300 900 900 900 100 100 100 100 100 100 100 100 100 100 100 100 100 100 100 100 100 100 100 
100 100 100 100 100 100 100 100 100 100 100 100 100 100 100 100 100 100 100 900 900 900 900 300 300 300 300 300 300 300 900 900 900 900 100 100 100 100 100 100 100 100 100 100 100 100 100 100 100 100 100 
100 100 100 100 100 100 100 100 100 100 100 100 100 100 100 100 100 100 100 900 900 900 300 300 300 300 300 300 300 300 300 900 900 900 100 100 100 100 100 100 100 100 100 100 100 100 100 100 100 100 100 
100 100 100 100 100 100 100 100 100 100 100 100 100 100 100 100 100 100 900 900 900 300 300 300 300 300 300 300 300 300 300 300 900 900 900 100 100 100 100 100 100 100 100 100 100 100 100 100 100 100 100 
100 100 100 100 100 100 100 100 100 100 100 100 100 100 100 100 100 100 900 900 900 300 300 300 300 300 300 300 300 300 300 300 900 900 900 100 100 100 100 100 100 100 100 100 100 100 100 100 100 100 100 
100 100 100 100 100 100 100 100 100 100 100 100 100 100 100 100 100 900 900 900 300 300 300 300 300 300 300 300 300 300 300 300 300 900 900 900 100 100 100 100 100 100 100 100 100 100 100 100 100 100 100 
100 100 100 100 100 100 100 100 100 100 100 100 100 100 100 100 900 900 900 900 300 300 300 300 300 300 300 300 300 300 300 300 300 900 900 900 900 100 100 100 100 100 100 100 100 100 100 100 100 100 100 
100 100 100 100 100 100 100 100 100 100 100 100 100 100 100 100 900 900 900 300 300 300 300 300 300 300 300 300 300 300 300 300 300 300 900 900 900 100 100 100 100 100 100 100 100 100 100 100 100 100 100 
100 100 100 100 100 100 100 100 100 100 100 100 100 100 100 900 900 900 900 300 300 300 300 300 300 300 300 300 300 300 300 300 300 300 900 900 900 900 100 100 100 100 100 100 100 100 100 100 100 100 100 
100 100 100 100 100 100 100 100 100 100 100 100 100 100 900 900 900 300 300 300 300 300 300 300 300 300 300 300 300 300 300 300 300 300 300 300 900 900 900 100 100 100 100 100 100 100 100 100 100 100 100 
100 100 100 100 100 100 100 100 100 100 100 100 100 100 900 900 900 900 300 300 300 300 300 300 300 300 300 300 300 300 300 300 300 300 300 900 900 900 900 100 100 100 100 100 100 100 100 100 100 100 100 
100 100 100 100 100 100 100 100 100 100 100 100 100 900 900 900 300 300 300 300 300 300 300 300 300 300 300 300 300 300 300 300 300 300 300 300 300 900 900 900 100 100 100 100 100 100 100 100 100 100 100 
100 100 100 100 100 100 100 100 100 100 100 100 100 900 900 900 900 300 300 300 300 300 300 300 300 300 300 300 300 300 300 300 300 300 300 300 900 900 900 900 100 100 100 100 100 100 100 100 100 100 100 
100 100 100 100 100 100 100 100 100 100 100 100 900 900 900 300 300 300 300 300 300 300 300 300 300 300 300 300 300 300 300 300 300 300 300 300 300 300 900 900 900 100 100 100 100 100 100 100 100 100 100 
100 100 100 100 100 100 100 100 100 100 100 900 900 900 300 300 300 300 300 300 300 300 300 300 300 300 300 300 300 300 300 300 300 300 300 300 300 300 300 900 900 900 100 100 100 100 100 100 100 100 100 
100 100 100 100 100 100 100 100 100 100 100 900 900 300 300 300 300 300 300 300 300 300 300 300 300 300 300 300 300 300 300 300 300 300 300 300 300 300 300 300 900 900 100 100 100 100 100 100 100 100 100 
100 100 100 100 100 100 100 100 100 100 900 900 900 900 300 300 300 300 300 300 300 300 300 300 300 300 300 300 300 300 300 300 300 300 300 300 300 300 300 900 900 900 900 100 100 100 100 100 100 100 100 
100 100 100 100 100 100 100 100 100 100 900 900 900 300 900 300 300 300 300 300 300 300 300 300 300 300 300 300 300 300 300 300 300 300 300 300 300 300 900 300 900 900 900 100 100 100 100 100 100 100 100 
100 100 100 100 100 100 100 100 100 900 900 900 900 900 300 300 300 300 300 300 300 300 300 300 300 300 300 300 300 300 300 300 300 300 300 300 300 300 300 900 900 900 900 900 100 100 100 100 100 100 100 
100 100 100 100 100 100 100 100 900 900 900 900 900 900 300 300 300 300 300 300 300 300 300 300 300 300 300 300 300 300 300 300 300 300 300 300 300 300 300 900 900 900 900 900 900 100 100 100 100 100 100 
100 100 100 100 100 100 100 900 900 900 900 900 900 900 300 900 300 900 300 300 300 300 300 300 300 300 300 300 300 300 300 300 300 300 300 900 300 900 300 900 900 900 900 900 900 900 100 100 100 100 100 
100 100 100 100 100 100 100 900 900 900 900 900 900 900 300 900 300 900 300 300 300 300 300 300 300 300 300 300 300 300 300 300 300 300 300 900 300 900 300 900 900 900 900 900 900 900 100 100 100 100 100 
100 100 100 100 100 100 900 900 900 900 900 900 900 900 300 900 300 900 300 300 300 300 300 300 300 300 300 300 300 300 300 300 300 300 300 900 300 900 300 900 900 900 900 900 900 900 900 100 100 100 100 
100 100 100 100 100 100 900 900 900 900 900 900 900 900 300 900 300 900 300 300 300 300 300 300 300 300 300 300 300 300 300 300 300 300 300 900 300 900 300 900 900 900 900 900 900 900 900 100 100 100 100 
100 100 100 100 100 100 900 900 900 900 900 900 900 900 300 900 300 900 300 300 300 300 300 300 300 300 300 300 300 300 300 300 300 300 300 900 300 900 300 900 900 900 900 900 900 900 900 100 100 100 100 
100 100 100 100 100 100 900 900 900 900 900 900 900 900 300 900 300 900 300 300 300 300 300 300 300 300 300 300 300 300 300 300 300 300 300 900 300 900 300 900 900 900 900 900 900 900 900 100 100 100 100 
100 100 100 100 100 100 900 900 900 900 900 900 900 900 300 900 300 900 300 300 300 300 300 300 300 300 300 300 300 300 300 300 300 300 300 900 300 900 300 900 900 900 900 900 900 900 900 100 100 100 100 
100 100 100 100 100 100 900 900 900 900 900 900 900 900 300 900 300 900 300 300 300 300 300 300 300 300 300 300 300 300 300 300 300 300 300 900 300 900 300 900 900 900 900 900 900 900 900 100 100 100 100 
100 100 100 100 100 100 900 900 900 900 900 900 900 900 300 900 300 900 300 300 300 300 300 300 300 300 300 300 300 300 300 300 300 300 300 900 300 900 300 900 900 900 900 900 900 900 900 100 100 100 100 
100 100 100 100 100 100 900 900 900 900 900 900 900 900 300 900 300 900 300 300 300 300 300 300 300 300 300 300 300 300 300 300 300 300 300 900 300 900 300 900 900 900 900 900 900 900 900 100 100 100 100 
100 100 100 100 100 100 900 900 900 900 900 900 900 900 300 900 300 900 300 300 300 300 300 300 300 300 300 300 300 300 300 300 300 300 300 900 300 900 300 900 900 900 900 900 900 900 900 100 100 100 100 
100 100 100 100 100 100 900 900 900 900 900 900 900 900 300 900 300 900 300 300 300 300 300 300 300 300 300 300 300 300 300 300 300 300 300 900 300 900 300 900 900 900 900 900 900 900 900 100 100 100 100 
100 100 100 100 100 100 900 900 900 900 900 900 900 900 300 900 300 900 300 300 300 300 300 300 300 300 300 300 300 300 300 300 300 300 300 900 300 900 300 900 900 900 900 900 900 900 900 100 100 100 100 
100 100 100 100 100 100 900 900 900 900 900 900 900 900 300 900 300 900 300 300 300 300 300 300 300 300 300 300 300 300 300 300 300 300 300 900 300 900 300 900 900 900 900 900 900 900 900 100 100 100 100 
100 100 100 100 100 100 900 900 900 900 900 900 900 900 300 900 300 900 300 300 300 300 300 300 300 300 300 300 300 300 300 300 300 300 300 900 300 900 300 900 900 900 900 900 900 900 900 100 100 100 100 
100 100 100 100 100 100 900 900 900 900 900 900 900 900 900 900 300 900 300 300 300 300 300 300 300 300 300 300 300 300 300 300 300 300 300 900 300 900 900 900 900 900 900 900 900 900 900 100 100 100 100 
100 100 100 100 100 100 100 900 900 900 900 900 900 900 900 900 300 900 300 300 300 300 300 300 300 300 300 300 300 300 300 300 300 300 300 900 300 900 900 900 900 900 900 900 900 900 100 100 100 100 100 
100 100 100 100 100 100 100 900 900 900 900 900 900 900 900 900 300 900 300 300 300 300 300 300 300 300 300 300 300 300 300 300 300 300 300 900 300 900 900 900 900 900 900 900 900 900 100 100 100 100 100 
100 100 100 100 100 100 100 900 900 900 900 900 900 900 900 900 300 900 300 300 300 300 300 300 300 300 300 300 300 300 300 300 300 300 300 900 300 900 900 900 900 900 900 900 900 900 100 100 100 100 100 
100 100 100 100 100 100 100 900 900 900 900 900 900 900 900 900 300 900 300 300 300 300 300 300 300 300 300 300 300 300 300 300 300 300 300 900 300 900 900 900 900 900 900 900 900 900 100 100 100 100 100 
100 100 100 100 100 100 100 900 900 900 900 900 900 900 900 900 300 900 300 300 300 300 300 300 300 300 300 300 300 300 300 300 300 300 300 900 300 900 900 900 900 900 900 900 900 900 100 100 100 100 100 
100 100 100 100 100 100 100 900 900 900 900 900 900 900 900 900 300 900 300 300 300 300 300 300 300 300 300 300 300 300 300 300 300 300 300 900 300 900 900 900 900 900 900 900 900 900 100 100 100 100 100 
100 100 100 100 100 100 100 900 900 900 900 900 900 900 900 900 300 900 300 300 300 300 300 300 300 300 300 300 300 300 300 300 300 300 300 900 300 900 900 900 900 900 900 900 900 900 100 100 100 100 100 
100 100 100 100 100 100 100 900 900 900 900 900 900 900 900 900 300 900 300 300 300 300 300 300 300 300 300 300 300 300 300 300 300 300 300 900 300 900 900 900 900 900 900 900 900 900 100 100 100 100 100 
100 100 100 100 100 100 100 900 900 900 900 900 900 900 900 900 300 900 300 300 300 300 300 300 300 300 300 300 300 300 300 300 300 300 300 900 300 900 900 900 900 900 900 900 900 900 100 100 100 100 100 
100 100 100 100 100 100 100 900 900 900 900 900 900 900 900 900 300 900 300 900 300 300 300 300 300 300 300 300 300 300 300 300 300 900 300 900 300 900 900 900 900 900 900 900 900 900 100 100 100 100 100 
100 100 100 100 100 100 100 900 900 900 900 900 900 900 900 900 300 900 300 900 300 300 300 300 300 300 300 300 300 300 300 300 300 900 300 900 300 900 900 900 900 900 900 900 900 900 100 100 100 100 100 
100 100 100 100 100 100 100 900 900 900 900 900 900 900 900 900 300 300 300 300 300 300 300 300 300 300 300 300 300 300 300 300 300 300 300 300 300 900 900 900 900 900 900 900 900 900 100 100 100 100 100 
