100 100 100 100 100 100 100 100 100 100 100 100 100 100 100 100 100 100 100 100 100 100 100 100 100 900 900 900 100 100 100 100 100 100 100 100 100 100 100 100 100 100 100 100 100 100 100 100 100 100 100 
100 100 100 100 100 100 100 100 100 100 100 100 100 100 100 100 100 100 100 100 100 100 100 900 900 900 300 900 900 900 100 100 100 100 100 100 100 100 100 100 100 100 100 100 100 100 100 100 100 100 100 
100 100 100 100 100 100 100 100 100 100 100 100 100 100 100 100 100 100 100 100 100 900 900 900 900 300 300 300 900 900 900 900 100 100 100 100 100 100 100 100 100 100 100 100 100 100 100 100 100 100 100 
100 100 100 100 100 100 100 100 100 100 100 100 100 100 100 100 100 100 100 900 900 900 900 300 300 300 300 300 300 300 900 900 900 900 100 100 100 100 100 100 100 100 100 100 100 100 100 100 100 100 100 
100 100 100 100 100 100 100 100 100 100 100 100 100 100 100 100 100 900 900 900 900 300 300 300 300 300 300 300 300 300 300 300 900 900 900 900 100 100 100 100 100 100 100 100 100 100 100 100 100 100 100 
100 100 100 100 100 100 100 100 100 100 100 100 100 100 100 100 900 900 900 900 300 300 300 300 300 300 300 300 300 300 300 300 300 900 900 900 900 100 100 100 100 100 100 100 100 100 100 100 100 100 100 
100 100 100 100 100 100 100 100 100 100 100 100 100 100 100 900 900 900 900 300 300 300 300 300 300 300 300 300 300 300 300 300 300 300 900 900 900 900 100 100 100 100 100 100 100 100 100 100 100 100 100 
100 100 100 100 100 100 100 100 100 100 100 100 100 100 100 900 900 900 300 300 300 300 300 300 300 300 300 300 300 300 300 300 300 300 300 900 900 900 100 100 100 100 100 100 100 100 100 100 100 100 100 
100 100 100 100 100 100 100 100 100 100 100 100 100 100 100 900 900 900 900 900 300 300 300 300 300 300 300 300 300 300 300 300 300 300 900 900 900 900 100 100 100 100 100 100 100 100 100 100 100 100 100 
100 100 100 100 100 100 100 100 100 100 100 100 100 100 100 900 900 300 300 300 300 300 300 300 300 300 300 300 300 300 300 300 300 300 300 300 900 900 100 100 100 100 100 100 100 100 100 100 100 100 100 
100 100 100 100 100 100 100 100 100 100 100 100 100 100 900 900 900 900 900 300 300 300 300 300 300 300 300 300 300 300 50 300 300 300 300 900 900 900 900 100 100 100 100 100 100 100 100 100 100 100 100 
100 100 100 100 100 100 100 100 100 100 100 100 100 100 900 900 900 900 900 300 300 300 300 300 300 300 300 50 50 50 50 50 50 50 300 300 900 900 900 100 100 100 100 100 100 100 100 100 100 100 100 
100 100 100 100 100 100 100 100 100 100 100 100 100 100 900 900 900 900 900 300 300 300 300 300 300 300 50 50 50 50 50 50 50 50 50 900 900 900 900 100 100 100 100 100 100 100 100 100 100 100 100 
100 100 100 100 100 100 100 100 100 100 100 100 100 100 900 900 900 900 300 300 300 300 300 300 300 300 50 50 50 50 50 50 50 50 50 900 900 900 900 100 100 100 100 100 100 100 100 100 100 100 100 
100 100 100 100 100 100 100 100 100 100 100 100 100 100 900 900 900 900 900 300 300 300 300 300 300 300 50 50 50 50 50 50 50 50 50 900 900 900 900 100 100 100 100 100 100 100 100 100 100 100 100 
100 100 100 100 100 100 100 100 100 100 100 100 100 100 900 900 900 900 300 300 300 300 300 300 300 50 50 50 50 50 50 50 50 50 50 50 900 900 900 100 100 100 100 100 100 100 100 100 100 100 100 
100 100 100 100 100 100 100 100 100 100 100 100 100 100 900 900 900 900 300 300 300 300 300 300 300 300 50 50 50 50 50 50 50 50 50 900 900 900 900 100 100 100 100 100 100 100 100 100 100 100 100 
100 100 100 100 100 100 100 100 100 100 100 100 100 100 900 900 900 900 900 900 300 300 300 300 300 300 50 50 50 50 50 50 50 50 50 900 900 900 900 100 100 100 100 100 100 100 100 100 100 100 100 
100 100 100 100 100 100 100 100 100 100 100 100 100 100 900 900 900 900 900 900 300 300 300 300 300 300 50 50 50 50 50 50 50 50 50 900 900 900 900 100 100 100 100 100 100 100 100 100 100 100 100 
100 100 100 100 100 100 100 100 100 100 100 100 100 100 100 900 900 900 900 900 300 300 300 300 300 300 300 50 50 50 50 50 50 50 900 900 900 900 900 100 100 100 100 100 100 100 100 100 100 100 100 
100 100 100 100 100 100 100 100 100 100 100 100 100 100 100 900 900 900 900 900 300 300 300 300 300 300 300 300 300 300 50 100 100 100 900 900 900 900 900 100 100 100 100 100 100 100 100 100 100 100 100 
100 100 100 100 100 100 100 100 100 100 100 100 100 100 100 900 900 900 900 900 300 300 300 300 300 300 300 300 300 300 900 900 900 100 900 900 900 900 900 100 100 100 100 100 100 100 100 100 100 100 100 
100 100 100 100 100 100 100 100 100 100 100 100 100 100 100 900 900 900 900 900 300 300 300 300 300 300 300 300 300 900 900 900 900 100 100 900 900 900 100 100 100 100 100 100 100 100 100 100 100 100 100 
100 100 100 100 100 100 100 100 100 100 100 100 100 100 100 100 900 900 900 900 300 300 300 300 300 300 300 300 300 900 900 900 900 100 100 900 900 900 100 100 100 100 100 100 100 100 100 100 100 100 100 
100 100 100 100 100 100 100 100 100 100 100 100 100 100 100 100 900 900 900 900 300 300 300 300 300 300 300 300 300 900 900 900 900 100 100 900 900 900 100 100 100 100 100 100 100 100 100 100 100 100 100 
100 100 100 100 100 100 100 100 100 100 100 100 100 100 100 100 900 900 900 900 300 300 300 300 300 300 300 300 300 900 900 900 900 100 100 900 900 900 100 100 100 100 100 100 100 100 100 100 100 100 100 
100 100 100 100 100 100 100 100 100 100 100 100 100 100 100 100 900 900 900 900 900 900 300 300 300 300 300 900 900 900 900 900 900 100 100 900 900 900 100 100 100 100 100 100 100 100 100 100 100 100 100 
100 100 100 100 100 100 100 100 100 100 100 100 100 100 100 100 900 900 900 900 900 900 300 300 300 300 300 900 900 900 900 900 900 100 100 100 900 100 100 100 100 100 100 100 100 100 100 100 100 100 100 
100 100 100 100 100 100 100 100 100 100 100 100 100 100 100 100 100 900 900 900 900 900 300 300 300 300 300 900 900 900 900 900 100 100 100 100 900 100 100 100 100 100 100 100 100 100 100 100 100 100 100 
100 100 100 100 100 100 100 100 100 100 100 100 100 100 100 100 100 900 900 900 900 900 300 300 300 300 300 900 900 900 900 900 100 100 100 100 100 100 100 100 100 100 100 100 100 100 100 100 100 100 100 
100 100 100 100 100 100 100 100 100 100 100 100 100 100 100 100 100 900 900 900 900 900 300 300 300 300 300 900 900 900 900 900 100 100 100 100 100 100 100 100 100 100 100 100 100 100 100 100 100 100 100 
100 100 100 100 100 100 100 100 100 100 100 100 100 100 100 100 100 900 900 900 900 900 300 300 300 300 300 900 900 900 900 900 100 100 100 100 100 100 100 100 100 100 100 100 100 100 100 100 100 100 100 
100 100 100 100 100 100 100 100 100 100 100 100 100 100 100 100 100 900 900 900 900 900 300 300 300 300 300 900 900 900 900 900 100 100 100 100 100 100 100 100 100 100 100 100 100 100 100 100 100 100 100 
100 100 100 100 100 100 100 100 100 100 100 100 100 100 100 100 100 100 900 900 900 900 300 300 300 300 300 900 900 900 900 100 100 100 100 100 100 100 100 100 100 100 100 100 100 100 100 100 100 100 100 
100 100 100 100 100 100 100 100 100 100 100 100 100 100 100 100 100 100 900 900 900 900 300 300 300 300 300 900 900 900 900 100 100 100 100 100 100 100 100 100 100 100 100 100 100 100 100 100 100 100 100 
100 100 100 100 100 100 100 100 100 100 100 100 100 100 100 100 100 100 900 900 900 900 300 300 300 300 300 900 900 900 900 100 100 100 100 100 100 100 100 100 100 100 100 100 100 100 100 100 100 100 100 
100 100 100 100 100 100 100 100 100 100 100 100 100 100 100 100 100 100 900 900 900 900 900 900 300 900 900 900 900 900 900 100 100 100 100 100 100 100 100 100 100 100 100 100 100 100 100 100 100 100 100 
100 100 100 100 100 100 100 100 100 100 100 100 100 100 100 100 100 100 900 900 900 900 900 900 300 900 900 900 900 900 900 100 100 100 100 100 100 100 100 100 100 100 100 100 100 100 100 100 100 100 100 
100 100 100 100 100 100 100 100 100 100 100 100 100 100 100 100 100 100 100 900 900 900 900 900 300 900 900 900 900 900 100 100 100 100 100 100 100 100 100 100 100 100 100 100 100 100 100 100 100 100 100 
100 100 100 100 100 100 100 100 100 100 100 100 100 100 100 100 100 100 100 900 900 900 900 900 300 900 900 900 900 900 100 100 100 100 100 100 100 100 100 100 100 100 100 100 100 100 100 100 100 100 100 
100 100 100 100 100 100 100 100 100 100 100 100 100 100 100 100 100 100 100 900 900 900 900 900 300 900 900 900 900 900 100 100 100 100 100 100 100 100 100 100 100 100 100 100 100 100 100 100 100 100 100 
100 100 100 100 100 100 100 100 100 100 100 100 100 100 100 100 100 100 100 900 900 900 900 900 300 900 900 900 900 900 100 100 100 100 100 100 100 100 100 100 100 100 100 100 100 100 100 100 100 100 100 
100 100 100 100 100 100 100 100 100 100 100 100 100 100 100 100 100 100 100 100 900 900 900 900 300 900 900 900 900 100 100 100 100 100 100 100 100 100 100 100 100 100 100 100 100 100 100 100 100 100 100 
100 100 100 100 100 100 100 100 100 100 100 100 100 100 100 100 100 100 100 100 900 900 900 900 300 900 900 900 900 100 100 100 100 100 100 100 100 100 100 100 100 100 100 100 100 100 100 100 100 100 100 
100 100 100 100 100 100 100 100 100 100 100 100 100 100 100 100 100 100 100 100 900 900 900 900 300 900 900 900 900 100 100 100 100 100 100 100 100 100 100 100 100 100 100 100 100 100 100 100 100 100 100 
100 100 100 100 100 100 100 100 100 100 100 100 100 100 100 100 100 100 100 100 900 900 900 900 900 900 900 900 900 100 100 100 100 100 100 100 100 100 100 100 100 100 100 100 100 100 100 100 100 100 100 
100 100 100 100 100 100 100 100 100 100 100 100 100 100 100 100 100 100 100 100 900 900 900 900 900 900 900 900 900 100 100 100 100 100 100 100 100 100 100 100 100 100 100 100 100 100 100 100 100 100 100 
100 100 100 100 100 100 100 100 100 100 100 100 100 100 100 100 100 100 100 100 100 900 900 900 900 900 900 900 100 100 100 100 100 100 100 100 100 100 100 100 100 100 100 100 100 100 100 100 100 100 100 
100 100 100 100 100 100 100 100 100 100 100 100 100 100 100 100 100 100 100 100 100 900 900 900 900 900 900 900 100 100 100 100 100 100 100 100 100 100 100 100 100 100 100 100 100 100 100 100 100 100 100 
100 100 100 100 100 100 100 100 100 100 100 100 100 100 100 100 100 100 100 100 100 900 900 900 900 900 900 900 100 100 100 100 100 100 100 100 100 100 100 100 100 100 100 100 100 100 100 100 100 100 100 
100 100 100 100 100 100 100 100 100 100 100 100 100 100 100 100 100 100 100 100 100 900 900 900 900 900 900 900 100 100 100 100 100 100 100 100 100 100 100 100 100 100 100 100 100 100 100 100 100 100 100 
