16 17 18 16 17 15 15 17 17 15 17 14 18 17 18 18 18 17 17 16 17 15 15 15 16 15 16 15 14 14 18 18 16 17 17 17 17 18 17 18 17 18 18 16 15 16 18 17 15 15 18 
14 14 18 16 15 14 16 17 17 15 18 17 17 16 15 15 15 17 15 18 16 15 14 14 18 15 15 17 14 14 18 15 15 15 14 18 17 17 16 17 17 15 15 17 14 15 17 15 16 16 15 
15 15 16 18 16 17 18 18 15 17 18 16 18 18 17 17 18 14 17 17 15 14 17 18 18 14 17 14 16 17 17 14 18 17 18 16 16 15 17 14 14 15 18 16 15 17 15 15 17 17 18 
14 16 16 18 14 17 17 14 17 17 18 16 18 18 16 14 16 15 17 18 17 16 17 15 16 18 14 14 16 16 15 16 15 18 18 17 18 15 14 15 17 14 17 14 14 16 18 15 14 18 17 
16 15 15 15 14 18 16 17 16 15 16 14 15 17 17 17 16 17 15 15 14 15 17 18 16 17 14 16 16 15 15 14 16 15 18 17 18 15 15 14 18 16 14 16 14 15 18 17 15 17 18 
17 14 16 15 17 14 16 15 14 15 17 14 15 15 15 17 16 15 18 16 18 18 16 14 15 18 18 16 18 16 18 15 14 16 18 14 15 17 15 16 15 14 15 15 15 14 14 15 14 18 15 
18 16 14 15 14 17 15 16 16 17 15 18 17 15 14 16 17 18 14 18 17 14 16 17 17 15 17 18 14 14 14 16 17 18 14 14 15 15 14 16 17 16 15 17 18 14 15 14 17 17 15 
18 15 16 18 15 14 14 18 14 18 15 14 15 15 15 18 15 17 18 18 14 17 15 18 17 16 16 18 16 17 15 17 16 15 14 18 14 17 15 17 17 18 14 14 17 14 15 17 14 14 16 
16 18 17 18 14 14 14 14 14 16 15 15 17 14 18 14 18 14 16 16 18 15 14 17 18 18 18 18 16 16 16 17 14 18 14 18 14 18 16 17 14 15 14 16 17 14 14 14 16 17 17 
17 16 17 18 15 15 14 18 18 18 18 14 17 15 17 18 16 15 16 18 14 17 16 18 17 15 16 14 16 16 17 17 14 18 14 16 15 16 15 18 15 18 18 18 16 17 14 16 18 16 18 
17 17 16 15 17 16 15 17 17 18 14 18 16 18 14 16 15 16 17 17 17 18 18 18 16 14 14 16 18 16 18 16 14 16 15 14 14 18 16 15 15 16 15 17 18 17 15 15 16 16 17 
18 16 17 18 18 15 14 15 14 17 17 18 17 15 17 17 18 16 18 16 15 18 14 15 16 17 17 17 14 15 18 14 15 18 17 15 17 15 18 17 16 14 14 15 18 18 16 17 18 16 16 
16 17 18 15 14 17 14 17 16 14 14 14 17 14 18 16 16 16 17 17 16 14 18 14 17 17 18 15 17 17 15 18 17 16 18 14 15 17 18 16 14 15 14 17 16 18 16 16 16 18 15 
15 16 18 16 15 18 15 16 17 18 17 17 15 15 18 18 16 18 14 14 14 17 14 16 14 14 18 14 17 17 16 15 17 15 14 16 16 15 16 18 16 14 16 14 15 14 18 17 14 18 18 
15 14 16 16 14 15 17 17 18 18 18 17 18 14 15 17 14 18 15 14 14 15 16 15 17 17 15 17 15 18 15 17 16 14 16 15 17 14 17 14 14 14 16 17 17 15 14 18 17 16 18 
16 14 14 15 15 16 15 15 18 15 17 17 14 17 17 16 16 16 15 17 14 17 17 14 17 15 16 18 14 17 14 14 17 17 18 18 16 14 17 17 18 17 16 15 16 16 17 18 18 16 14 
14 18 14 15 16 16 17 16 18 15 18 18 18 16 16 18 16 15 16 16 18 17 18 17 16 14 18 18 14 18 15 14 18 17 17 18 14 14 17 17 16 15 17 16 14 16 17 15 16 14 16 
17 17 17 17 17 16 15 17 17 16 14 15 14 18 18 16 14 18 18 18 14 18 16 18 16 14 16 17 17 15 17 16 18 14 14 14 14 18 14 17 18 15 18 16 15 18 18 17 18 17 17 
17 14 18 14 17 17 14 16 18 16 16 16 17 16 17 18 16 15 18 17 15 15 14 17 14 17 16 15 17 17 15 16 15 18 18 15 18 16 18 18 18 15 16 16 17 14 14 17 16 16 16 
15 15 14 17 14 16 14 16 18 15 16 15 18 18 16 15 14 15 18 14 14 16 14 17 16 17 17 16 14 16 15 14 15 18 16 17 14 15 15 17 14 15 15 15 15 15 17 17 17 16 18 
15 15 15 15 16 14 15 17 15 18 17 16 14 18 14 18 14 16 15 16 18 14 18 18 15 16 14 17 14 18 18 15 15 15 14 15 18 18 14 18 16 15 18 14 18 17 15 16 14 16 17 
17 16 17 14 17 16 14 14 16 16 15 15 18 14 18 18 18 17 18 15 16 17 17 17 18 15 18 15 16 15 14 16 15 17 17 17 18 18 15 16 16 14 16 16 18 17 14 17 15 15 18 
16 14 14 14 15 15 17 16 14 15 14 14 14 15 14 14 18 16 17 17 18 16 17 14 14 17 16 17 18 18 14 16 15 18 15 14 18 16 18 14 16 15 14 16 15 17 16 14 17 14 17 
14 17 14 14 16 17 14 15 18 15 14 16 15 18 14 16 15 16 15 18 14 18 17 14 18 14 17 14 17 18 17 18 16 14 16 16 16 14 14 18 15 15 16 16 14 15 17 15 14 16 16 
17 18 17 14 18 14 15 14 14 18 15 14 17 14 16 18 14 14 16 18 16 16 17 15 17 15 18 16 14 16 16 17 16 14 17 14 16 17 18 15 17 16 15 17 16 17 17 17 16 17 16 
14 16 18 15 17 18 16 16 17 14 14 17 15 14 14 18 15 17 16 15 14 16 14 14 15 15 25 14 15 16 14 15 14 15 18 14 18 17 17 17 17 18 15 16 16 16 17 18 16 14 16 
16 17 18 14 14 18 17 17 18 18 17 15 14 18 15 14 15 17 17 16 16 17 14 14 17 25 25 25 15 14 18 18 14 16 15 17 18 18 17 16 17 15 17 18 18 18 16 15 16 17 17 
15 15 18 17 17 18 14 15 16 15 17 17 16 15 16 14 16 14 14 15 17 15 17 17 16 25 25 25 15 16 15 16 15 17 14 17 18 14 14 14 14 15 14 17 15 15 17 14 15 14 15 
17 16 16 15 18 17 14 15 15 14 17 15 15 14 15 18 17 15 18 14 16 16 17 16 25 25 10 25 16 15 18 18 18 17 14 18 14 17 14 15 16 16 17 15 18 17 16 16 16 18 16 
15 14 18 14 17 16 14 17 15 15 16 17 14 14 16 15 18 17 16 14 18 17 15 18 25 25 25 25 14 17 14 16 15 18 17 16 18 16 18 17 16 14 14 16 18 15 17 14 14 16 14 
14 18 15 18 15 14 17 14 17 16 15 18 14 15 18 14 18 16 15 17 16 14 14 15 15 15 25 25 25 15 17 18 15 18 18 16 16 17 14 16 15 17 18 18 15 15 18 18 17 15 18 
18 15 14 18 14 16 17 14 14 17 16 16 15 15 14 15 16 18 18 16 14 18 14 14 18 15 25 25 25 15 17 15 16 14 18 17 16 18 15 18 14 15 15 17 18 15 16 17 18 16 14 
18 15 14 16 17 16 18 14 16 15 14 15 18 17 17 17 15 18 15 15 14 16 14 14 16 17 25 25 25 17 15 16 14 14 16 17 16 14 15 16 16 18 18 17 16 15 18 18 15 16 15 
14 14 14 15 18 18 17 18 17 15 18 17 15 15 16 14 18 18 17 15 18 16 17 18 17 15 25 25 25 17 16 17 17 14 17 18 16 16 16 17 15 18 17 14 16 14 17 14 15 15 17 
14 16 16 15 14 18 14 16 18 18 18 15 15 16 17 15 16 18 18 17 14 17 17 18 16 17 25 25 25 17 17 14 14 15 14 15 18 16 18 14 18 14 17 18 15 14 15 14 16 15 14 
14 16 14 14 16 18 15 17 17 14 14 18 15 16 14 15 15 16 16 16 16 14 15 17 16 17 25 15 15 18 15 15 14 18 16 18 17 17 16 15 16 18 14 16 18 15 18 15 15 16 15 
15 15 15 14 14 14 14 18 17 17 17 14 18 15 17 14 15 16 15 17 18 16 18 18 17 14 14 14 14 17 17 14 14 16 17 17 17 17 14 15 17 17 17 14 14 18 16 17 15 16 17 
16 14 14 16 17 17 14 15 14 15 17 17 15 16 14 17 15 15 18 14 16 17 16 17 18 14 16 17 18 18 14 16 18 15 14 18 15 18 16 14 15 16 17 15 17 16 17 17 18 17 18 
15 16 15 18 16 15 16 16 16 16 17 17 15 16 14 16 15 16 15 17 18 17 18 17 18 16 14 17 18 17 16 17 18 15 15 16 14 15 17 17 16 17 15 15 15 16 16 14 14 17 18 
18 14 18 17 16 16 16 16 15 16 14 14 15 17 15 16 16 16 17 16 17 15 16 18 15 15 17 14 17 17 14 16 18 15 16 15 14 16 14 16 17 16 16 18 16 18 15 16 16 17 14 
15 16 17 16 17 15 14 14 17 17 17 16 16 17 14 14 18 16 18 18 18 17 14 16 18 14 15 18 14 17 15 18 16 18 15 17 17 15 18 14 18 18 15 18 15 15 18 18 15 17 18 
14 18 18 16 16 15 16 14 14 16 15 16 14 17 15 18 14 17 17 16 16 18 16 16 17 18 14 16 14 17 14 14 18 17 17 15 16 15 16 17 18 16 16 14 16 14 14 14 14 16 14 
17 17 16 14 18 18 18 14 16 15 17 18 15 18 17 16 14 15 18 17 16 16 17 16 16 18 14 14 15 14 17 17 14 18 14 16 16 14 17 15 15 17 18 17 14 18 17 16 15 18 15 
15 18 14 16 16 14 15 15 16 14 17 15 17 14 16 14 16 17 17 17 14 17 18 18 17 16 17 16 18 14 16 16 15 18 16 17 14 15 16 15 16 18 14 18 14 14 17 14 15 18 14 
14 14 14 16 15 16 17 16 17 18 16 15 17 18 14 18 15 17 14 14 16 14 17 16 15 18 14 18 16 17 14 15 17 14 17 16 17 18 16 17 18 17 15 14 18 16 18 17 17 15 14 
14 17 15 15 17 18 17 15 18 14 18 15 16 15 14 16 15 17 14 17 17 18 14 16 16 18 18 18 18 15 18 17 15 16 18 14 17 16 14 18 17 18 14 14 14 14 16 15 17 15 14 
18 18 18 14 16 14 18 15 15 16 15 18 15 16 16 14 17 16 15 18 18 15 14 14 17 16 17 18 14 14 15 18 16 17 18 16 17 17 17 15 16 17 17 15 18 16 15 15 14 17 18 
15 16 16 16 16 15 15 18 15 14 18 18 18 18 16 18 15 14 14 15 16 14 15 16 16 18 17 15 17 14 17 15 15 16 14 17 17 16 15 18 16 15 17 17 18 17 18 17 18 16 15 
15 18 18 16 16 16 17 15 14 15 15 18 17 14 15 17 17 15 15 14 14 14 18 16 17 15 15 17 18 17 14 14 15 17 17 14 14 14 15 14 14 17 18 15 14 16 17 16 17 17 16 
14 16 16 16 15 17 16 15 15 14 18 16 14 18 17 14 18 16 18 16 16 17 14 15 16 17 16 14 15 16 18 14 17 18 16 17 15 15 17 15 15 16 18 18 18 18 17 17 15 14 17 
14 14 17 15 16 14 18 17 15 18 16 18 18 16 15 15 15 15 14 15 16 15 16 14 14 14 17 17 17 15 14 18 17 18 15 14 18 15 14 16 17 18 17 15 16 14 18 18 17 18 16 
