22 22 22 14 14 14 14 14 14 14 14 14 14 14 14 14 14 14 14 14 14 30 30 30 30 30 30 30 30 30 30 30 30 30 30 30 30 30 14 14 14 14 14 14 14 14 14 14 14 14 14 
22 22 22 22 14 14 14 14 14 14 14 14 14 14 14 14 14 14 14 14 14 30 -15 -15 -15 -15 -15 -15 -15 -15 -15 -15 -15 30 30 30 30 30 30 30 30 14 14 14 14 14 14 14 14 14 14 
22 22 22 22 22 14 14 14 14 14 14 14 14 14 14 14 14 14 14 14 14 30 -15 -15 -15 -15 -15 -15 -15 -15 -15 -15 -15 -15 30 30 30 30 30 30 30 30 30 30 14 14 14 14 14 14 14 
22 22 22 22 22 14 14 14 14 14 14 14 14 14 14 14 14 14 14 14 14 30 -15 -15 -15 -15 -15 -15 -15 -15 -15 -15 -15 -15 -15 -15 -15 30 30 30 30 30 30 30 30 30 30 14 14 14 14 
22 22 22 22 22 22 14 14 14 14 14 14 14 14 14 14 14 14 14 14 14 30 -15 -15 -15 -15 -15 -15 -15 -15 -15 -15 -15 -15 -15 -15 -15 -15 -15 30 30 30 30 30 30 30 30 30 30 30 14 
22 22 22 22 22 22 22 14 14 14 14 14 14 14 14 14 14 14 14 14 14 30 -15 -15 -15 -15 -15 -15 -15 -15 -15 -15 -15 -15 -15 -15 -15 -15 -15 -15 -15 -15 -15 -15 30 30 30 30 30 30 30 
22 22 22 22 22 22 22 14 14 14 14 14 14 14 14 14 14 14 14 14 14 30 -15 -15 -15 -15 -15 -15 -15 -15 -15 -15 -15 -15 -15 -15 -15 -15 -15 -15 -15 -15 -15 -15 -15 -15 30 30 30 30 30 
22 22 22 22 22 22 22 14 14 14 14 14 14 14 14 14 14 14 14 14 14 30 -15 -15 -15 -15 -15 -15 -15 -15 -15 -15 -15 -15 -15 -15 -15 -15 -15 -15 -15 -15 -15 -15 30 -15 -15 -15 -15 30 30 
22 22 22 22 22 22 22 22 14 14 14 14 14 14 14 14 14 14 14 14 14 30 -15 -15 -15 -15 -15 -15 -15 -15 -15 -15 -15 -15 -15 -15 -15 -15 -15 -15 -15 -15 -15 -15 -15 30 30 30 30 -15 30 
22 22 22 22 22 22 22 22 14 14 14 14 14 14 14 14 14 14 14 14 30 30 -15 -15 -15 -15 -15 -15 -15 -15 -15 -15 -15 -15 -15 -15 30 30 30 30 30 30 30 30 -15 -15 -15 -15 30 30 30 
22 22 22 22 22 22 22 22 14 14 14 14 14 14 14 14 14 14 14 14 30 30 -15 30 -15 -15 -15 -15 -15 -15 -15 -15 -15 -15 -15 -15 30 30 30 30 30 30 30 30 30 30 30 -15 -15 -15 30 
22 22 22 22 22 22 22 16 16 16 16 16 14 14 14 14 14 14 14 14 30 30 -15 -15 -15 -15 -15 -15 -15 -15 -15 -15 -15 -15 -15 -15 30 30 30 30 30 30 30 30 30 30 30 30 30 30 30 
22 22 22 22 22 16 16 16 16 16 16 16 16 14 14 14 14 14 14 14 30 30 30 -15 -15 -15 -15 -15 -15 -15 -15 -15 -15 -15 -15 -15 30 30 30 30 30 30 30 30 30 30 30 30 30 30 30 
22 22 22 22 22 16 16 16 16 16 16 16 16 16 20 20 20 14 14 14 30 30 30 -15 30 -15 -15 -15 -15 -15 -15 -15 -15 -15 -15 -15 30 30 30 30 30 30 30 30 30 30 30 30 30 30 30 
22 22 22 22 22 16 16 16 16 16 16 16 16 16 20 20 20 14 20 20 20 30 30 -15 30 -15 -15 -15 -15 -15 -15 -15 -15 -15 -15 -15 30 30 30 30 30 -15 -15 30 30 30 30 16 16 16 16 
22 22 22 22 22 16 16 16 16 16 16 16 16 16 20 20 20 14 20 20 20 30 30 30 30 30 -15 30 -15 -15 -15 -15 -15 -15 -15 -15 30 30 30 30 30 30 30 30 30 30 16 16 16 16 16 
22 22 22 22 22 22 16 16 16 16 16 16 16 16 20 20 20 14 20 20 20 20 30 30 30 30 -15 -15 -15 -15 -15 -15 -15 -15 -15 -15 -15 30 30 30 30 30 30 30 30 16 16 16 16 16 16 
22 22 22 22 22 22 16 16 16 16 16 16 16 16 16 16 16 16 20 14 14 20 30 30 30 30 -15 -15 -15 -15 -15 -15 -15 -15 -15 -15 -15 -15 30 30 30 30 30 30 30 30 16 16 16 16 16 
22 22 22 22 22 22 16 16 16 16 16 16 16 16 16 16 16 16 20 20 14 14 20 30 30 30 30 -15 30 -15 -15 -15 -15 -15 -15 -15 30 30 30 30 30 30 30 30 30 16 16 16 16 16 16 
22 22 22 22 22 22 16 16 16 16 16 16 16 16 16 16 16 16 20 20 20 14 14 30 30 30 30 -15 -15 -15 -15 -15 -15 -15 -15 30 30 30 30 30 30 30 30 30 30 16 16 16 16 16 16 
22 22 22 22 22 22 22 16 16 16 16 16 16 16 16 16 20 20 20 20 20 20 20 30 30 30 30 30 30 -15 -15 -15 -15 -15 30 30 30 30 30 30 30 -15 30 30 30 16 16 16 16 16 16 
22 22 22 22 22 22 22 14 16 16 16 16 16 16 20 20 20 20 20 20 20 20 20 20 30 30 30 30 30 -15 -15 -15 -15 -15 30 30 30 30 30 30 30 30 30 30 30 16 16 16 16 16 16 
22 22 22 22 22 22 14 16 16 16 16 16 16 16 20 20 20 20 20 20 20 20 20 20 14 30 30 -15 -15 30 -15 -15 -15 -15 30 30 30 30 30 30 30 30 30 30 30 30 16 16 16 16 16 
22 22 22 22 22 14 14 16 16 16 16 16 16 20 20 20 20 20 20 20 20 20 20 20 14 30 30 30 -15 30 -15 -15 -15 -15 -15 -15 30 30 30 30 30 30 30 30 30 30 16 16 16 16 16 
22 22 22 22 22 14 14 16 16 16 16 16 20 20 20 14 20 20 20 14 20 20 20 20 14 30 30 30 -15 30 -15 -15 -15 -15 -15 -15 -15 -15 30 -15 30 30 30 30 30 30 30 16 16 16 16 
22 22 22 22 22 14 14 14 20 20 20 20 20 20 20 20 20 20 20 20 20 20 20 20 14 30 30 30 30 30 30 -15 30 -15 -15 30 -15 -15 -15 -15 -15 30 30 30 30 30 30 16 16 16 16 
22 22 22 22 22 14 14 14 20 20 20 20 20 20 20 20 20 20 20 20 20 20 20 20 14 14 30 30 18 30 30 -15 -15 -15 -15 -15 -15 -15 -15 30 -15 30 30 16 16 30 16 30 16 16 16 
22 22 22 22 14 14 14 14 20 20 20 20 20 20 20 20 20 20 20 20 20 20 20 14 14 14 30 30 18 18 30 30 30 30 30 30 30 -15 -15 -15 -15 30 30 30 16 16 16 16 16 16 16 
22 22 22 22 14 14 14 20 20 20 14 20 20 14 14 20 20 20 20 20 20 14 14 14 14 14 30 30 18 5 5 5 5 5 5 30 30 30 30 -15 -15 30 30 30 30 16 16 16 16 14 16 
22 22 22 22 14 14 14 20 20 14 20 20 20 20 20 20 20 20 20 20 20 16 16 16 16 14 14 18 5 5 5 5 5 5 5 18 30 30 30 30 -15 30 30 30 30 16 16 16 16 14 16 
22 22 22 22 14 14 14 14 14 20 20 20 20 20 20 20 20 14 20 20 16 16 16 16 16 14 14 18 18 5 5 5 5 5 5 5 18 30 30 30 30 30 -15 30 30 30 16 16 30 14 14 
22 22 22 22 14 14 14 14 14 20 20 14 20 20 20 20 20 16 16 16 16 16 16 16 16 14 14 14 18 5 5 5 5 5 5 5 5 5 18 18 30 30 30 30 -15 30 30 30 30 30 30 
22 22 22 14 14 14 14 14 14 14 14 14 14 20 20 20 20 16 16 16 16 16 16 16 16 16 16 14 18 18 18 5 5 5 5 5 5 5 5 5 5 30 30 30 30 -15 30 30 30 30 30 
22 22 22 14 14 14 14 14 20 20 20 14 14 20 20 20 20 16 16 16 16 16 16 16 16 16 16 16 14 18 18 18 18 5 5 5 5 5 5 5 5 5 5 30 30 -15 -15 30 30 30 30 
22 22 22 22 14 14 14 14 20 20 20 20 14 20 20 20 20 16 16 16 16 16 16 16 16 16 16 16 14 14 14 18 18 5 5 5 5 5 5 5 5 5 5 18 30 30 -15 -15 30 30 30 
22 22 22 22 14 14 14 14 20 20 20 20 20 20 20 20 20 16 16 16 16 16 16 16 16 16 16 16 16 14 14 14 18 18 5 5 5 5 5 5 5 5 5 5 18 30 30 30 -15 30 30 
22 22 22 22 22 14 14 14 20 20 20 20 20 20 20 14 20 16 16 16 16 16 16 16 16 16 16 20 20 20 20 20 14 18 18 5 5 5 5 5 5 5 5 5 18 18 30 30 30 -15 30 
22 22 22 22 22 22 14 14 14 14 14 20 20 20 20 14 20 16 16 16 16 16 16 16 16 16 20 20 20 20 20 20 14 14 18 18 5 5 5 5 5 5 5 5 5 18 18 30 30 30 30 
22 22 22 22 22 22 22 14 14 14 14 20 20 20 20 20 20 20 16 16 16 16 16 16 16 20 20 20 20 20 20 20 20 20 14 18 18 5 5 5 5 5 5 5 5 18 18 30 30 30 30 
22 22 22 22 22 22 22 22 14 14 14 20 20 20 20 20 20 14 14 14 16 16 16 16 16 20 20 20 20 20 20 20 20 20 20 14 18 18 5 5 5 5 5 5 5 18 18 30 30 30 30 
22 22 22 22 22 22 22 22 14 14 14 14 20 20 20 20 14 14 14 14 14 20 20 20 20 20 20 20 20 20 20 20 20 20 20 14 14 18 18 18 18 5 5 5 5 18 14 30 30 30 30 
22 22 22 22 22 22 22 22 14 14 14 14 20 20 20 20 20 14 14 14 14 14 14 14 20 20 20 20 20 20 20 20 20 20 20 14 14 14 14 18 18 18 18 18 18 18 14 14 14 30 30 
22 22 22 22 22 22 22 22 22 14 14 14 14 20 14 20 14 14 14 14 14 14 20 20 20 20 20 20 20 20 20 20 20 20 20 14 14 14 14 14 14 14 14 14 14 14 14 14 14 14 30 
22 22 22 22 22 22 22 22 22 22 14 14 14 14 14 14 14 14 14 14 14 14 20 20 14 20 20 20 20 20 20 20 20 20 20 14 14 14 14 14 14 14 14 14 14 14 14 14 14 14 14 
22 22 22 22 22 22 22 22 22 22 22 14 14 14 14 14 14 14 14 14 14 14 20 20 20 14 14 20 20 20 20 20 20 20 20 14 14 14 14 14 14 14 14 14 14 14 14 14 14 14 14 
22 22 22 22 22 22 22 22 22 22 22 14 14 14 14 14 14 14 14 14 14 14 14 20 20 20 20 20 20 20 20 20 20 20 14 14 14 14 14 14 14 14 14 14 14 14 14 14 14 14 14 
22 22 22 22 22 22 22 22 22 22 22 22 14 14 14 14 14 14 14 14 14 14 14 14 20 20 20 20 14 20 20 20 20 14 14 14 14 14 14 14 14 14 14 14 14 14 14 14 14 14 14 
22 22 22 22 22 22 22 22 22 22 22 22 14 14 14 14 14 14 14 14 14 14 14 14 14 20 20 20 14 14 14 14 14 14 14 14 14 14 14 14 14 14 14 14 14 14 14 14 14 14 14 
22 22 22 22 22 22 22 22 22 22 22 22 14 14 14 14 14 14 14 14 14 14 14 14 14 14 14 14 14 14 14 14 14 14 14 14 14 14 14 14 14 14 14 14 14 14 14 14 14 14 14 
22 22 22 22 22 22 22 22 22 22 22 22 22 22 14 14 14 14 14 14 14 14 14 14 14 14 14 14 14 14 14 14 14 14 14 14 14 14 14 14 14 14 14 14 14 14 14 14 14 14 14 
22 22 22 22 22 22 22 22 22 22 22 22 22 22 14 14 14 14 14 14 14 14 14 14 14 14 14 14 14 14 14 14 14 14 14 14 14 14 14 14 14 14 14 14 14 14 14 14 14 14 14 
