100 0.0829999446869
121 0.0890002250671
144 0.102999925613
169 0.128999948502
196 0.144999980927
225 0.161999940872
256 0.174999952316
289 0.189999818802
324 0.200999975204
361 0.21799993515
400 0.210999965668
441 0.229000091553
484 0.229000091553
529 0.261999845505
576 0.269000053406
625 0.273999929428
676 0.273999929428
729 0.276999950409
784 0.28200006485
841 0.308000087738
900 0.308000087738
961 0.578999996185
1024 0.297999858856
1089 0.291999816895
1156 0.319000005722
1225 0.317000150681
1296 0.304000139236
1369 0.328000068665
1444 0.319999933243
1521 0.313999891281
1600 0.321000099182
1681 0.393999814987
1764 0.325000047684
1849 0.368000030518
1936 0.351999998093
2025 0.381000041962
2116 0.410000085831
2209 0.362999916077
2304 0.393000125885
2401 0.391000032425
2500 0.378999948502
2601 0.365000009537
2704 0.43499994278
2809 0.391999959946
2916 0.413999795914
3025 0.521000146866
3136 0.414999961853
3249 0.444999933243
3364 0.423000097275
3481 0.490000009537
3600 0.460000038147
3721 0.475000143051
3844 0.427000045776
3969 0.506000041962
4096 0.589999914169
4225 0.486999988556
4356 0.637000083923
4489 0.5
4624 0.626999855042
4761 0.52799987793
4900 0.593000173569
