100 0.103000164032
121 0.110000133514
144 0.128000020981
169 0.260999917984
196 0.169000148773
225 0.186000108719
256 0.206000089645
289 0.240000009537
324 0.25400018692
361 0.272000074387
400 0.289000034332
441 0.28400015831
484 0.286000013351
529 0.319999933243
576 0.302000045776
625 0.310000181198
676 0.31299996376
729 0.316999912262
784 0.319000005722
841 0.322000026703
900 0.324000120163
961 0.320999860764
1024 0.348999977112
1089 0.338999986649
1156 0.322999954224
1225 0.365000009537
1296 0.345999956131
1369 0.324999809265
1444 0.351000070572
1521 0.342000007629
1600 0.371000051498
1681 0.356999874115
1764 0.365000009537
1849 0.381000041962
1936 0.360999822617
2025 0.333999872208
2116 0.332000017166
2209 0.353000164032
2304 0.455999851227
2401 0.413000106812
2500 0.367000102997
2601 0.343999862671
2704 0.336999893188
2809 0.333999872208
2916 0.391000032425
3025 0.353000164032
3136 0.394999980927
3249 0.34500002861
3364 0.342000007629
3481 0.355999946594
3600 0.347999811172
3721 0.339999914169
3844 0.344000101089
3969 0.447999954224
4096 0.362000226974
4225 0.362999916077
4356 0.438000202179
4489 0.362999916077
4624 0.443000078201
4761 0.348999977112
4900 0.355000019073
